  2011     5     1      76.1     208.3      20.1     101.5
  2011     5     2      65.4     159.1      19.2     102.5
  2011     5     3      58.8     122.1      20.1     107.5
  2011     5     4      75.3     147.3      19.4     109.6
  2011     5     5      76.6     170.5      19.8     106.9
  2011     5     6      80.1     204.8      20.2     111.9
  2011     5     7      63.7     197.6      20.3     122.0
  2011     5     8      75.5     233.4      20.7     125.0
  2011     5     9      72.9     226.8      20.9     127.3
  2011     5    10      70.4     176.4      17.7     113.8
  2011     5    11      86.7     177.2      18.7     109.0
  2011     5    12      88.3     178.7      20.2     111.2
  2011     5    13      48.4      77.3      19.7     116.2
  2011     5    14     132.6     316.9      18.9     110.0
  2011     5    15     150.9     463.7      19.3     102.5
  2011     5    16     123.3     287.2      19.3      90.0
  2011     5    17      58.4     129.9      18.5      90.0
  2011     5    18      86.0     236.7      17.9     127.5
  2011     5    19      84.2     181.2      22.5     118.8
  2011     5    20      33.8      48.5      18.1     125.0
  2011     5    21      41.8      60.6      16.0     138.8
  2011     5    22      65.1     127.5      17.5     130.6
  2011     5    23      72.7     164.6      17.9     122.0
  2011     5    24      50.4     100.5      19.0     131.2
  2011     5    25      27.3      57.0      20.6     131.5
  2011     5    26      31.1      56.9      21.8     129.8
  2011     5    27      62.2     129.1      24.5     129.8
  2011     5    28      92.3     247.2      22.6     127.0
  2011     5    29     112.1     300.2      21.3     104.6
  2011     5    30      80.6     153.3      19.2     107.9
  2011     5    31      87.0     178.6      18.9     120.0
  2012     5     1      27.4      35.7      15.4     108.3
  2012     5     2       1.5       1.5      16.2     117.5
  2012     5     3       0.0       0.0      15.8   -9999.0
  2012     5     4       0.0       0.0      16.2   -9999.0
  2012     5     5      18.4      25.5      16.7     145.0
  2012     5     6      37.8      70.6      16.9     140.0
  2012     5     7      12.4      15.9      17.3     118.8
  2012     5     8      36.4      52.3      17.3     110.0
  2012     5     9      75.7     135.3      17.2     106.6
  2012     5    10      69.0     101.9      16.5     105.0
  2012     5    11      42.6      60.8      15.9     130.0
  2012     5    12      49.8     107.5      16.3     135.8
  2012     5    13      67.1     147.4      17.5     128.5
  2012     5    14      80.8     156.8      18.6     120.0
  2012     5    15      44.3      82.2      18.9     118.3
  2012     5    16      28.2      33.3      19.2     121.2
  2012     5    17      87.5     211.3      19.2     115.0
  2012     5    18      99.5     259.3      18.7     109.3
  2012     5    19      76.8     157.9      19.3     103.3
  2012     5    20      10.3      13.4      18.2     151.7
  2012     5    21      19.1      33.1      18.7     140.6
  2012     5    22      39.1      80.1      18.8     139.6
  2012     5    23      54.0     111.8      22.2     141.4
  2012     5    24      53.9     121.8      23.5     143.4
  2012     5    25      54.7     105.1      21.0     117.0
  2012     5    26      47.9      81.1      19.0     116.7
  2012     5    27      62.8     146.4      20.0     117.1
  2012     5    28      74.4     251.8      20.9     118.8
  2012     5    29      95.1     336.9      21.6     110.0
  2012     5    30      82.2     243.3      21.1     117.5
  2012     5    31      57.5     118.2      21.7     129.5
  2013     5     1       0.8       0.8      11.3     155.0
  2013     5     2      47.0      76.7      13.1     143.1
  2013     5     3     124.4     421.0      14.3     118.3
  2013     5     4     142.8     547.1      15.8     114.6
  2013     5     5     131.9     331.3      16.2     104.5
  2013     5     6      72.2     158.6      16.3     111.7
  2013     5     7      84.3     186.1      14.4     114.6
  2013     5     8      96.2     179.7      13.8     101.7
  2013     5     9      71.2     117.5      16.2     102.5
  2013     5    10      52.9      76.2      15.5      90.0
  2013     5    11      68.4     122.4      15.7     113.0
  2013     5    12     117.2     251.6      16.5      90.0
  2013     5    13     114.5     241.0      18.2      97.5
  2013     5    14     110.6     233.7      16.7     100.0
  2013     5    15     121.1     278.2      17.4     104.2
  2013     5    16     140.2     345.5      17.5      99.6
  2013     5    17     124.6     298.9      17.3      90.0
  2013     5    18     105.8     240.2      15.7     100.0
  2013     5    19      95.5     194.4      15.2     107.0
  2013     5    20     127.1     372.0      16.1     112.5
  2013     5    21     129.8     376.6      17.1     105.0
  2013     5    22     128.9     383.6      19.2     104.4
  2013     5    23      99.2     240.5      19.0     105.0
  2013     5    24      68.2     130.6      18.1     105.0
  2013     5    25      73.5     137.2      16.5     102.5
  2013     5    26     119.1     250.6      18.1     109.2
  2013     5    27     104.6     205.1      20.2     102.1
  2013     5    28     133.5     337.9      21.5     104.1
  2013     5    29      76.4     198.7      23.4     105.0
  2013     5    30      58.1     119.2      21.7     105.0
  2013     5    31      33.4      52.6      20.8     107.5
  2014     5     1     122.5     371.4      16.3     112.5
  2014     5     2      94.6     244.2      17.2      97.5
  2014     5     3      83.5     172.5      18.4     105.0
  2014     5     4      98.3     203.3      16.9     103.8
  2014     5     5     112.7     344.3      17.0      92.5
  2014     5     6     106.2     298.1      16.5      90.0
  2014     5     7     114.0     278.7      17.0      90.0
  2014     5     8     130.5     353.3      16.7     102.5
  2014     5     9     126.0     395.2      16.9      97.5
  2014     5    10     130.4     393.4      16.8     110.0
  2014     5    11     133.6     367.0      16.2      90.0
  2014     5    12     118.3     268.8      17.0      90.0
  2014     5    13      82.8     119.4      16.3     105.0
  2014     5    14      28.9      33.6      16.4     110.8
  2014     5    15      33.8      46.7      19.0     115.0
  2014     5    16      83.0     139.6      19.1     101.7
  2014     5    17      86.4     145.5      19.4      97.0
  2014     5    18      95.5     184.3      19.0      99.5
  2014     5    19     121.2     227.7      19.2     102.5
  2014     5    20      97.4     172.9      18.8     102.5
  2014     5    21      74.6     139.4      18.1     115.0
  2014     5    22     106.7     244.5      18.4     115.0
  2014     5    23     138.1     295.6      17.2     106.7
  2014     5    24     165.5     502.6      17.9      95.0
  2014     5    25     163.1     509.1      17.7      91.8
  2014     5    26     149.4     392.3      18.4      90.0
  2014     5    27     124.8     229.5      18.1      91.5
  2014     5    28     111.9     209.1      20.7      90.0
  2014     5    29     132.7     384.5      22.3      90.0
  2014     5    30     128.0     415.4      22.0     106.8
  2014     5    31      98.9     285.7      21.9     104.4
  2015     5     1     123.7     283.3      16.7     100.0
  2015     5     2      96.6     216.3      16.7      97.2
  2015     5     3      81.6     162.9      15.9      96.8
  2015     5     4      44.5      78.2      15.0      90.0
  2015     5     5      11.1      13.0      15.0      90.0
  2015     5     6      52.1      83.4      18.1      97.2
  2015     5     7      80.8     175.2      18.4      97.3
  2015     5     8      81.5     188.1      19.3      97.5
  2015     5     9     101.5     270.6      20.3     114.2
  2015     5    10     130.0     384.4      18.8     111.4
  2015     5    11     122.1     373.7      19.1      90.0
  2015     5    12     138.7     420.9      19.7      90.0
  2015     5    13     157.9     527.9      20.7      90.0
  2015     5    14     167.7     637.9      21.2      90.0
  2015     5    15     152.2     504.4      20.9      90.0
  2015     5    16     137.4     383.4      21.0      90.0
  2015     5    17     147.1     428.6      21.1      91.6
  2015     5    18     148.6     431.2      16.6      90.8
  2015     5    19     138.0     403.5      15.1      94.4
  2015     5    20     164.5     719.1      17.0      90.0
  2015     5    21     167.8     683.0      17.8      90.0
  2015     5    22     160.0     537.3      18.0      90.0
  2015     5    23     164.6     547.3      19.0      99.0
  2015     5    24     165.9     655.4      18.4     101.5
  2015     5    25     171.5     658.3      19.0     104.1
  2015     5    26     163.2     485.2      19.2      95.4
  2015     5    27     106.3     285.5      18.5     100.6
  2015     5    28     128.2     343.4      18.4     104.8
  2015     5    29     159.9     485.3      19.3      99.3
  2015     5    30     126.7     346.3      20.2      90.0
  2015     5    31      96.9     277.9      20.8      99.4
  2016     5     1     129.7     435.5      15.3      90.0
  2016     5     2     122.4     356.5      16.0      91.5
  2016     5     3     107.8     251.5      17.3      90.0
  2016     5     4     143.8     322.3      19.7      90.0
  2016     5     5     113.6     249.5      19.4      90.0
  2016     5     6     117.1     249.4      20.4      90.0
  2016     5     7     128.4     350.1      19.9      90.0
  2016     5     8     119.3     320.7      20.1      90.0
  2016     5     9     100.1     262.4      19.2      90.0
  2016     5    10     103.5     255.8      19.4      90.0
  2016     5    11     116.5     272.1      19.2      90.0
  2016     5    12     124.2     381.7      19.1      94.4
  2016     5    13     136.3     379.5      22.4      90.0
  2016     5    14      89.4     249.2      23.2      90.0
  2016     5    15      31.7      57.1      20.4      90.0
  2016     5    16      17.4      33.9      22.5      92.0
  2016     5    17      49.6      91.3      20.8      90.0
  2016     5    18      57.3      85.9      18.7      90.0
  2016     5    19      57.1      90.2      18.9      92.3
  2016     5    20     106.4     228.5      17.6     116.2
  2016     5    21     132.8     347.5      14.2      93.8
  2016     5    22     137.2     355.7      12.3      95.9
  2016     5    23     143.3     460.0      13.9     104.8
  2016     5    24     140.7     425.5      17.0     108.5
  2016     5    25     162.0     462.7      22.5     109.9
  2016     5    26     176.1     602.6      20.7     109.2
  2016     5    27     174.5     539.4      19.4     106.7
  2016     5    28     153.3     393.1      20.3     104.7
  2016     5    29     165.4     423.7      18.0     105.0
  2016     5    30     161.5     488.9      18.7     101.7
  2016     5    31     155.9     482.7      18.3      99.5
  2017     5     1     136.9     459.5      16.3      90.0
  2017     5     2     137.4     447.9      16.7      90.0
  2017     5     3     132.7     393.5      17.1      90.0
  2017     5     4     134.7     378.2      17.7      90.0
  2017     5     5     147.9     374.3      19.6      90.0
  2017     5     6     142.0     361.9      20.0      90.0
  2017     5     7     131.9     296.5      19.1      90.0
  2017     5     8     108.8     272.9      19.3     113.9
  2017     5     9     143.1     437.8      20.0     109.6
  2017     5    10     150.8     491.9      21.0      90.0
  2017     5    11     134.6     436.0      20.8      90.0
  2017     5    12     113.6     282.3      20.1      90.0
  2017     5    13     105.1     238.0      19.0      90.0
  2017     5    14      97.3     190.7      16.3      99.0
  2017     5    15     105.5     213.5      16.1     106.3
  2017     5    16     121.8     329.6      17.0     114.1
  2017     5    17     144.4     549.7      17.3     107.5
  2017     5    18     152.8     587.4      16.1      90.0
  2017     5    19     123.4     334.7      15.7      90.0
  2017     5    20      61.9     131.6      14.3     101.9
  2017     5    21      92.0     222.9      13.1     115.8
  2017     5    22     133.5     368.7      13.5      90.0
  2017     5    23     125.6     310.7      12.0      90.0
  2017     5    24     138.3     368.2      13.3      90.0
  2017     5    25     150.2     485.0      13.8      90.0
  2017     5    26     147.7     509.6      16.3      99.5
  2017     5    27     136.5     442.2      18.3     107.0
  2017     5    28     126.3     358.9      18.8     108.8
  2017     5    29     122.7     333.6      18.7     100.0
  2017     5    30     117.5     322.5      18.0      97.0
  2017     5    31      99.4     210.1      16.6      91.6
  2018     5     1      99.5     244.8      19.9      99.8
  2018     5     2     105.6     257.4      20.4      96.6
  2018     5     3     134.1     353.8      20.7      90.0
  2018     5     4     164.4     518.7      20.8      90.0
  2018     5     5     152.7     437.4      19.9      90.0
  2018     5     6      78.1     178.3      19.7      90.0
  2018     5     7      60.5      98.0      20.4      90.0
  2018     5     8     105.4     242.2      20.2      90.0
  2018     5     9     162.8     461.1      20.2      90.0
  2018     5    10     156.2     432.9      19.5      90.0
  2018     5    11     124.7     291.5      19.9      90.0
  2018     5    12     117.9     256.2      20.7     102.2
  2018     5    13     155.0     358.3      20.6     106.6
  2018     5    14     115.6     203.0      17.8     107.2
  2018     5    15      42.6      71.2      21.5     117.4
  2018     5    16      27.9      40.6      21.7     117.0
  2018     5    17      12.7      15.5      25.7     115.8
  2018     5    18       3.6       3.9      24.5     116.7
  2018     5    19       8.0       9.9      22.0     111.7
  2018     5    20      31.1      54.4      18.6     114.6
  2018     5    21      76.3     138.7      17.2     109.5
  2018     5    22     125.5     253.6      17.1     104.7
  2018     5    23     109.0     179.4      16.8     107.1
  2018     5    24      26.9      34.5      17.3     111.5
  2018     5    25      67.7     117.5      17.9     115.0
  2018     5    26     167.7     357.0      19.1     106.9
  2018     5    27     138.9     357.0      19.3     101.8
  2018     5    28     157.4     396.0      20.0      94.9
  2018     5    29     133.5     367.4      22.1      97.3
  2018     5    30     155.7     463.9      22.6      97.3
  2018     5    31     141.4     435.8      22.7      90.0
