  2018     5     1      99.5     244.8      19.9      99.8
  2018     5     2     105.6     257.4      20.4      96.6
  2018     5     3     134.1     353.8      20.7      90.0
  2018     5     4     164.4     518.7      20.8      90.0
  2018     5     5     152.7     437.4      19.9      90.0
  2018     5     6      78.1     178.3      19.7      90.0
  2018     5     7      60.5      98.0      20.4      90.0
  2018     5     8     105.4     242.2      20.2      90.0
  2018     5     9     162.8     461.1      20.2      90.0
  2018     5    10     156.2     432.9      19.5      90.0
  2018     5    11     124.7     291.5      19.9      90.0
  2018     5    12     117.9     256.2      20.7     102.2
  2018     5    13     155.0     358.3      20.6     106.6
  2018     5    14     115.6     203.0      17.8     107.2
  2018     5    15      42.6      71.2      21.5     117.4
  2018     5    16      27.9      40.6      21.7     117.0
  2018     5    17      12.7      15.5      25.7     115.8
  2018     5    18       3.6       3.9      24.5     116.7
  2018     5    19       8.0       9.9      22.0     111.7
  2018     5    20      31.1      54.4      18.6     114.6
  2018     5    21      76.3     138.7      17.2     109.5
  2018     5    22     125.5     253.6      17.1     104.7
  2018     5    23     109.0     179.4      16.8     107.1
  2018     5    24      26.9      34.5      17.3     111.5
  2018     5    25      67.7     117.5      17.9     115.0
  2018     5    26     167.7     357.0      19.1     106.9
  2018     5    27     138.9     357.0      19.3     101.8
  2018     5    28     157.4     396.0      20.0      94.9
  2018     5    29     133.5     367.4      22.1      97.3
  2018     5    30     155.7     463.9      22.6      97.3
  2018     5    31     141.4     435.8      22.7      90.0