1951   1       0.0       0.0      15.3     169.7
1951   2       0.0       0.0      14.4     145.2
1951   3       0.0       0.0      15.5     167.1
1951   4       0.0       0.0      18.7     159.7
1951   5       7.9       8.7      18.1     156.0
1951   6      30.0      38.4      22.5     139.4
1951   7      63.2     128.2      26.2     128.6
1951   8      80.3     132.3      30.3     130.6
1951   9      63.6     111.1      25.1     122.9
1951  10      50.7     100.9      22.1     138.2
1951  11      46.5      68.9      18.7     122.8
1951  12      11.7      14.8      17.1     139.6
1952   1       0.0       0.0      15.1     169.7
1952   2      20.0      25.5      16.0     131.2
1952   3       0.0       0.0      15.5     167.1
1952   4       0.0       0.0      14.8     159.7
1952   5       0.0       0.0      18.7     168.5
1952   6      80.0     181.2      23.3     128.3
1952   7      40.6      76.7      26.8     149.2
1952   8      55.0      68.1      29.1     127.0
1952   9      51.2      81.6      27.3     128.0
1952  10      22.6      27.7      23.5     149.8
1952  11      17.9      22.2      20.2     142.4
1952  12       0.0       0.0      17.5     160.1
1953   1       0.0       0.0      14.9     169.7
1953   2      27.4      36.1      16.4     133.1
1953   3       0.0       0.0      15.1     167.1
1953   4       8.7       9.6      15.8     157.8
1953   5       6.6       6.9      16.3     146.2
1953   6      71.0     147.4      22.6     126.2
1953   7      21.5      38.3      27.0     164.6
1953   8      43.5      75.9      31.2     131.3
1953   9      39.4      71.2      25.9     137.4
1953  10      25.4      42.7      21.3     158.8
1953  11      44.5      72.9      21.0     125.5
1953  12       4.4       4.8      18.2     156.3
1954   1       0.0       0.0      16.2     169.7
1954   2       0.0       0.0      14.0     145.2
1954   3       0.0       0.0      15.8     167.1
1954   4       0.0       0.0      17.2     159.7
1954   5       1.4       1.4      22.0     156.2
1954   6      20.4      26.7      21.8     150.6
1954   7       3.2       3.5      23.7     174.9
1954   8      15.8      22.6      32.2     153.5
1954   9      28.3      64.5      28.5     142.0
1954  10       4.9       6.8      22.4     173.9
1954  11       8.7      12.0      19.6     165.7
1954  12       0.0       0.0      17.7     160.1
1955   1       0.0       0.0      16.1     169.7
1955   2       0.0       0.0      15.7     145.2
1955   3       0.0       0.0      16.1     167.1
1955   4       0.0       0.0      18.3     159.7
1955   5       4.2       4.4      20.0     156.7
1955   6      19.0      25.6      23.6     136.8
1955   7       8.7      10.3      27.7     142.4
1955   8       0.0       0.0      30.7     163.8
1955   9      34.7      68.3      28.1     115.3
1955  10      10.0      13.3      23.2     153.8
1955  11       0.0       0.0      19.7     165.7
1955  12       0.0       0.0      15.5     160.1
1956   1       0.0       0.0      15.2     169.7
1956   2       0.0       0.0      14.0     145.2
1956   3       0.0       0.0      15.1     167.1
1956   4       0.0       0.0      18.2     159.7
1956   5       0.0       0.0      22.1     168.5
1956   6       3.5       4.0      24.2     132.8
1956   7       6.5       7.3      27.8     124.7
1956   8       0.0       0.0      27.5     163.8
1956   9       9.6      11.2      28.6     144.2
1956  10       0.0       0.0      23.5     173.9
1956  11      14.3      21.6      20.5     141.3
1956  12       0.0       0.0      18.2     160.1
1957   1       0.0       0.0      14.8     169.7
1957   2       0.0       0.0      14.0     145.2
1957   3       0.0       0.0      14.2     167.1
1957   4       0.0       0.0      16.8     159.7
1957   5       0.0       0.0      15.2     168.5
1957   6      58.7     124.4      17.8     137.1
1957   7      10.4      15.0      26.1     124.1
1957   8      24.4      45.9      29.3     139.8
1957   9      46.8     103.8      24.6     142.9
1957  10      20.2      33.1      21.2     149.4
1957  11      25.8      44.8      18.1     145.5
1957  12      10.3      12.4      15.9     142.4
1958   1      33.4      45.6      14.9     131.4
1958   2       0.0       0.0      13.1     145.2
1958   3      17.1      20.2      15.7     124.2
1958   4      17.7      20.7      17.6     126.0
1958   5      30.1      50.9      19.1     141.8
1958   6      54.6     128.8      20.3     144.5
1958   7      55.2     123.3      25.9     143.1
1958   8      31.1      46.8      26.0     141.9
1958   9      33.9      59.5      26.4     139.8
1958  10       6.6       7.3      22.7     161.1
1958  11      21.3      32.7      17.9     149.1
1958  12      13.9      19.0      15.3     154.7
1959   1       0.0       0.0      14.2     169.7
1959   2       0.0       0.0      15.1     145.2
1959   3       5.2       5.8      15.7     167.1
1959   4       0.0       0.0      16.6     159.7
1959   5       0.0       0.0      17.4     168.5
1959   6      39.0      74.3      19.7     141.9
1959   7       4.2       4.6      25.4     130.3
1959   8       2.1       2.3      27.7     143.6
1959   9      11.7      15.0      24.9     139.6
1959  10      46.9     112.2      19.8     139.8
1959  11      20.7      35.6      20.2     147.6
1959  12       9.4      11.3      17.8     149.1
1960   1       0.0       0.0      15.8     169.7
1960   2       0.0       0.0      15.0     145.2
1960   3       0.0       0.0      14.7     167.1
1960   4       0.0       0.0      16.5     159.7
1960   5       0.0       0.0      19.3     168.5
1960   6      52.6     118.2      22.9     139.0
1960   7      26.4      67.1      24.9     132.3
1960   8      34.6      70.2      32.3     138.4
1960   9      43.4      75.8      27.7     127.3
1960  10      18.4      30.0      21.5     152.5
1960  11       0.0       0.0      18.5     165.7
1960  12      26.8      50.5      16.4     148.2
1961   1       0.0       0.0      15.3     169.7
1961   2       0.0       0.0      14.9     145.2
1961   3       0.0       0.0      15.2     167.1
1961   4       0.0       0.0      16.6     159.7
1961   5       5.7       6.4      20.4     144.5
1961   6       0.0       0.0      23.9     168.3
1961   7       7.3       9.3      30.5     158.7
1961   8      33.8      60.4      30.7     131.0
1961   9      25.1      47.8      29.8     139.0
1961  10       0.0       0.0      24.7     173.9
1961  11       0.0       0.0      19.5     165.7
1961  12       0.0       0.0      16.2     160.1
1962   1       0.0       0.0      13.9     169.7
1962   2       0.0       0.0      15.7     145.2
1962   3       0.0       0.0      15.8     167.1
1962   4       0.0       0.0      15.1     159.7
1962   5       7.9       8.7      20.2     140.0
1962   6       3.5       3.6      22.6     152.4
1962   7      11.7      14.3      27.4     141.4
1962   8      66.6     137.2      28.0     129.9
1962   9      31.7      54.5      26.9     133.1
1962  10      28.1      51.5      21.7     153.2
1962  11       5.7       6.4      20.0     150.6
1962  12       0.0       0.0      16.2     160.1
1963   1       0.0       0.0      14.2     169.7
1963   2       0.0       0.0      12.8     145.2
1963   3       0.0       0.0      14.7     167.1
1963   4       0.0       0.0      15.9     159.7
1963   5       0.0       0.0      21.7     168.5
1963   6      11.7      16.1      26.1     141.7
1963   7       4.6       5.1      28.1     157.4
1963   8       0.0       0.0      25.4     163.8
1963   9      56.2     116.7      26.1     133.6
1963  10       7.4       9.8      21.5     153.7
1963  11       0.0       0.0      18.0     165.7
1963  12      18.9      26.2      16.2     148.8
1964   1       0.0       0.0      14.9     169.7
1964   2       8.9       9.8      16.2     135.9
1964   3       0.0       0.0      14.2     167.1
1964   4       0.0       0.0      18.5     159.7
1964   5       0.0       0.0      19.4     168.5
1964   6       2.8       2.8      21.6     148.6
1964   7      21.4      28.6      29.1     129.0
1964   8      16.8      24.4      32.5     159.0
1964   9      57.2     138.4      28.1     127.6
1964  10      14.2      20.3      24.3     161.2
1964  11       0.0       0.0      20.2     165.7
1964  12       0.0       0.0      18.2     160.1
1965   1       0.0       0.0      16.1     169.7
1965   2       0.0       0.0      15.6     145.2
1965   3       0.0       0.0      14.7     167.1
1965   4       0.0       0.0      16.0     159.7
1965   5      12.6      15.6      18.5     149.7
1965   6      46.7      90.9      22.3     136.6
1965   7      18.6      32.2      26.9     127.8
1965   8       3.3       3.9      26.0     147.2
1965   9      30.2      60.7      24.5     144.7
1965  10      12.1      17.4      19.2     164.1
1965  11      33.2      61.5      20.6     121.7
1965  12       7.3       7.5      18.2     139.9
1966   1      18.5      24.2      15.9     140.6
1966   2       0.0       0.0      15.2     145.2
1966   3       0.0       0.0      15.2     167.1
1966   4       0.0       0.0      16.6     159.7
1966   5       0.0       0.0      17.8     168.5
1966   6      45.6      72.7      19.9     138.1
1966   7      54.9     103.4      27.5     126.8
1966   8      22.2      32.9      31.9     152.5
1966   9      39.7      78.1      27.9     148.9
1966  10       0.0       0.0      21.0     173.9
1966  11       5.1       5.5      20.8     136.0
1966  12       0.0       0.0      17.8     160.1
1967   1       0.0       0.0      17.4     169.7
1967   2       0.0       0.0      14.5     145.2
1967   3       0.0       0.0      15.4     167.1
1967   4       0.0       0.0      17.7     159.7
1967   5       0.0       0.0      14.8     168.5
1967   6       3.5       3.8      19.2     168.3
1967   7       0.0       0.0      27.8     177.4
1967   8       7.9      10.6      30.5     116.0
1967   9      15.8      27.5      23.9     160.0
1967  10      29.1      57.3      22.8     150.5
1967  11       2.8       2.9      22.2     132.4
1967  12       0.0       0.0      15.0     160.1
1968   1       0.0       0.0      14.8     169.7
1968   2       0.0       0.0      12.1     145.2
1968   3       0.0       0.0      14.2     167.1
1968   4       0.0       0.0      13.6     159.7
1968   5       0.0       0.0      14.3     168.5
1968   6      35.1      44.8      20.3     133.1
1968   7      32.0      83.4      23.1     156.5
1968   8      18.8      23.3      28.4     139.8
1968   9       0.0       0.0      27.7     163.1
1968  10       4.1       4.7      21.1     164.4
1968  11       4.4       4.8      18.1     160.5
1968  12       0.0       0.0      16.2     160.1
1969   1       0.0       0.0      16.1     169.7
1969   2       0.0       0.0      15.2     145.2
1969   3      26.1      31.6      14.4     128.9
1969   4      10.4      11.3      15.3     102.4
1969   5      17.8      21.3      18.2     119.9
1969   6      65.0     140.2      20.2     129.9
1969   7      59.9     108.4      26.8     122.3
1969   8      37.7      52.6      27.2     129.1
1969   9      32.1      47.8      27.9     125.7
1969  10      14.7      20.2      18.9     162.0
1969  11      28.8      50.3      19.4     139.5
1969  12      25.5      31.7      17.8     145.7
1970   1       0.0       0.0      13.1     169.7
1970   2       0.0       0.0      14.9     145.2
1970   3       7.4       8.4      15.4     149.2
1970   4       9.6      10.1      16.1     136.0
1970   5       0.0       0.0      18.1     168.5
1970   6      53.5     103.7      23.0     129.7
1970   7      29.6      58.0      24.3     129.9
1970   8      33.5      53.1      31.5     137.2
1970   9      18.8      25.0      28.5     131.9
1970  10       0.0       0.0      23.2     173.9
1970  11       0.0       0.0      19.9     165.7
1970  12       0.0       0.0      17.7     160.1
1971   1       0.0       0.0      12.8     169.7
1971   2       0.0       0.0      15.0     145.2
1971   3       0.0       0.0      15.4     167.1
1971   4       0.0       0.0      17.1     159.7
1971   5       0.0       0.0      18.2     168.5
1971   6      12.5      15.9      23.9     127.3
1971   7       6.6       9.3      28.4     166.0
1971   8       2.6       2.8      29.4     144.3
1971   9       2.0       2.1      25.9     163.1
1971  10      29.2      49.8      23.4     139.6
1971  11       2.9       3.1      20.4     147.9
1971  12       0.0       0.0      17.4     160.1
1972   1       0.0       0.0      15.6     169.7
1972   2       0.0       0.0      13.3     145.2
1972   3       0.0       0.0      13.5     167.1
1972   4       0.0       0.0      13.2     159.7
1972   5       0.0       0.0      18.9     168.5
1972   6       0.0       0.0      22.5     168.3
1972   7       0.0       0.0      31.1     177.4
1972   8      22.0      31.7      29.9     130.8
1972   9       2.1       2.3      24.2     147.3
1972  10      36.0      57.3      22.5     103.5
1972  11      50.5      98.0      20.4     120.2
1972  12      29.4      42.0      16.5     137.1
1973   1       0.0       0.0      14.3     169.7
1973   2      65.7     118.5      15.5     101.9
1973   3      56.8      88.7      15.7     112.4
1973   4      21.0      27.0      17.9     134.2
1973   5       4.4       4.4      18.9     113.5
1973   6      42.3      74.0      20.3     138.5
1973   7      16.6      39.6      25.1     168.7
1973   8      70.1     167.8      32.6     119.1
1973   9      85.3     205.8      25.0     115.6
1973  10       2.1       2.1      23.7     145.6
1973  11      14.5      18.8      19.8     141.7
1973  12      10.8      14.1      17.2     154.4
1974   1       0.0       0.0      12.8     169.7
1974   2       0.0       0.0      15.4     145.2
1974   3       0.0       0.0      15.3     167.1
1974   4       0.0       0.0      17.6     159.7
1974   5       0.0       0.0      20.8     168.5
1974   6       0.0       0.0      20.6     168.3
1974   7       2.0       2.5      24.9     177.4
1974   8       9.4      11.2      28.6     159.8
1974   9       0.0       0.0      25.7     163.1
1974  10      54.6     116.4      25.4     129.2
1974  11      15.7      21.1      21.7     142.5
1974  12       4.4       4.6      19.8     145.3
1975   1       0.0       0.0      16.4     169.7
1975   2       0.0       0.0      14.3     145.2
1975   3       0.0       0.0      14.4     167.1
1975   4       0.0       0.0      16.7     159.7
1975   5       0.0       0.0      19.2     168.5
1975   6      23.9      38.3      22.6     137.4
1975   7      29.6      45.8      27.1     140.2
1975   8      16.8      23.0      33.7     141.7
1975   9      16.0      20.3      28.9     155.0
1975  10       6.2       7.5      23.9     168.6
1975  11       0.0       0.0      19.6     165.7
1975  12       0.0       0.0      17.6     160.1
1976   1       0.0       0.0      16.3     169.7
1976   2       0.0       0.0      14.3     145.2
1976   3       0.0       0.0      15.7     167.1
1976   4       0.0       0.0      17.9     159.7
1976   5       0.0       0.0      20.4     168.5
1976   6       0.0       0.0      22.7     168.3
1976   7      24.8      47.8      24.8     148.5
1976   8      52.5      98.4      29.1     118.3
1976   9      16.8      22.2      24.2     159.3
1976  10      31.0      44.6      20.6     137.4
1976  11      36.9      74.5      19.4     144.0
1976  12       0.0       0.0      17.7     160.1
1977   1       0.0       0.0      15.1     169.7
1977   2      23.7      29.9      16.0     145.2
1977   3      31.1      41.8      17.1     100.1
1977   4       0.0       0.0      18.7     159.7
1977   5       0.0       0.0      19.4     168.5
1977   6      47.2      79.2      22.1     130.5
1977   7       6.8       8.5      27.0     122.2
1977   8      19.3      37.3      26.0     163.8
1977   9      29.6      48.6      27.3     145.8
1977  10      51.6      86.9      21.7      98.3
1977  11      26.5      41.7      18.6     140.5
1977  12      12.6      13.6      15.9     122.2
1978   1       0.0       0.0      15.4     169.7
1978   2      50.1      66.2      14.1     109.3
1978   3       0.0       0.0      14.1     167.1
1978   4      18.5      23.7      16.4     128.2
1978   5       0.0       0.0      18.1     168.5
1978   6      56.4     108.1      23.6     132.0
1978   7      18.1      22.8      32.6     129.7
1978   8      48.0     104.8      32.1     130.6
1978   9      54.1     110.2      26.7     130.0
1978  10      58.4     121.9      23.2     131.0
1978  11      32.4      53.9      19.8     144.0
1978  12      33.7      48.1      17.4     125.1
1979   1       0.0       0.0      14.5     169.7
1979   2       0.0       0.0      13.7     145.2
1979   3       0.0       0.0      14.7     167.1
1979   4       7.3       8.1      17.4     140.3
1979   5      46.6      58.7      17.3     124.8
1979   6      72.6     160.0      23.2     117.3
1979   7     129.5     311.3      25.4     112.4
1979   8      40.8      60.3      29.7     130.0
1979   9      73.2     170.9      27.0     118.2
1979  10      66.5     156.9      21.2     138.0
1979  11      37.5      77.3      20.5     131.9
1979  12       0.0       0.0      17.4     160.1
1980   1       0.0       0.0      13.7     169.7
1980   2       0.0       0.0      14.1     145.2
1980   3       0.0       0.0      16.8     167.1
1980   4      34.9      46.3      17.1     104.9
1980   5      64.0      84.2      19.3     125.4
1980   6     131.8     287.6      24.2     109.1
1980   7     103.4     245.7      26.0     117.1
1980   8      89.3     147.0      24.1     117.2
1980   9      71.2     209.2      26.4     132.9
1980  10      92.8     223.5      22.0     104.9
1980  11      62.3     146.7      20.6     129.6
1980  12       0.0       0.0      15.5     160.1
1981   1       6.7       7.7      15.4     169.7
1981   2       0.0       0.0      15.4     145.2
1981   3      23.0      25.9      15.0     116.7
1981   4      47.3      66.8      17.2     109.5
1981   5      10.1      11.4      18.0     117.0
1981   6      68.8     150.9      21.7     129.3
1981   7      65.1     122.5      29.9     126.4
1981   8       0.0       0.0      28.8     163.8
1981   9      70.5     145.3      25.4     107.1
1981  10      42.7      78.1      22.0     111.3
1981  11      66.1     121.0      20.3     110.8
1981  12      21.3      26.9      17.4     119.5
1982   1       0.0       0.0      13.6     169.7
1982   2       0.0       0.0      14.5     145.2
1982   3       0.0       0.0      16.0     167.1
1982   4       0.0       0.0      13.6     159.7
1982   5      50.6      65.3      19.0     104.7
1982   6      88.0     211.7      20.8     123.8
1982   7      51.4     106.0      24.8     128.0
1982   8      20.4      22.3      28.6     142.0
1982   9      56.9     122.8      25.7     139.8
1982  10       4.3       4.4      21.5     152.3
1982  11      33.8      58.5      19.8     127.1
1982  12      70.6     167.5      16.9     123.2
1983   1      96.4     211.0      14.5     103.0
1983   2      86.9     187.2      12.5      90.0
1983   3      92.8     224.6      12.9      90.0
1983   4      51.5      97.4      16.1      90.0
1983   5      78.6     117.8      16.6     101.4
1983   6     111.9     237.0      20.9     111.3
1983   7     120.2     264.9      25.0     109.8
1983   8      95.7     142.8      26.9     135.6
1983   9      78.9     144.1      25.1     108.5
1983  10     102.7     275.7      24.1     106.7
1983  11      55.7     121.6      18.6     138.6
1983  12      22.1      29.4      16.1     143.6
1984   1       0.0       0.0      15.6     169.7
1984   2       0.0       0.0      16.1     145.2
1984   3      27.5      35.3      15.4     131.6
1984   4       0.0       0.0      14.6     159.7
1984   5       6.4       8.0      17.0     168.5
1984   6       0.0       0.0      23.0     168.3
1984   7       0.0       0.0      28.9     177.4
1984   8      19.6      31.9      32.3     129.1
1984   9       9.8      11.2      24.6     126.5
1984  10      25.9      41.4      22.3     147.1
1984  11      18.7      26.0      20.2     134.0
1984  12       0.0       0.0      17.3     160.1
1985   1       0.0       0.0      15.0     169.7
1985   2       0.0       0.0      15.2     145.2
1985   3       0.0       0.0      16.5     167.1
1985   4       0.0       0.0      15.2     159.7
1985   5       0.0       0.0      19.8     168.5
1985   6      47.2      84.2      22.6     139.9
1985   7      17.0      20.9      25.9     128.5
1985   8      47.1      91.0      33.5     131.0
1985   9      70.5     169.2      27.3     119.5
1985  10      29.7      43.3      23.6     117.2
1985  11       2.9       3.0      17.8     146.2
1985  12      23.4      32.4      17.2     149.0
1986   1       0.0       0.0      15.9     169.7
1986   2       0.0       0.0      13.2     145.2
1986   3       0.0       0.0      14.4     167.1
1986   4      27.4      38.7      17.6     109.8
1986   5       0.0       0.0      17.0     168.5
1986   6      19.2      45.7      21.5     164.0
1986   7      76.1     158.6      26.5     119.3
1986   8       0.0       0.0      30.4     163.8
1986   9      44.1      86.3      26.0     130.8
1986  10      87.8     216.9      21.3      99.2
1986  11      47.6      99.6      20.9     124.2
1986  12      52.7      82.1      18.1     112.4
1987   1      50.3      70.4      16.0     110.3
1987   2      15.7      17.3      15.0     108.4
1987   3      34.4      45.4      15.3     112.4
1987   4      52.1      86.8      16.9      90.0
1987   5      34.7      49.2      19.1     102.3
1987   6      90.0     137.2      20.2     118.5
1987   7     101.7     259.5      25.2     120.0
1987   8      97.9     199.7      26.6     109.8
1987   9      33.2      56.8      23.5      97.3
1987  10      92.8     188.7      22.8      97.6
1987  11      98.1     207.8      20.4      97.5
1987  12      78.3     166.0      18.0     104.6
1988   1      62.5     110.3      17.3     109.0
1988   2       5.2       5.2      15.9     135.2
1988   3      51.2      66.8      16.5     105.8
1988   4      51.4      72.4      16.2      90.0
1988   5      66.2      91.2      18.9     105.9
1988   6      80.3     162.7      22.8     120.2
1988   7      78.3     207.4      26.9     116.6
1988   8      76.7     118.2      19.9     127.4
1988   9      56.1     115.7      25.2     129.1
1988  10      40.0      67.7      23.7     114.4
1988  11      47.1      72.4      19.1     113.0
1988  12      21.1      26.8      18.7     143.4
1989   1       0.0       0.0      18.3     169.7
1989   2       0.0       0.0      16.8     145.2
1989   3       0.0       0.0      14.9     167.1
1989   4       0.0       0.0      17.3     159.7
1989   5      32.4      51.0      20.5     125.5
1989   6      53.5      81.9      22.9     117.1
1989   7      52.6     109.7      26.3     135.2
1989   8      24.5      40.1      27.6     152.3
1989   9      50.6     112.6      27.9     129.5
1989  10      25.5      32.0      23.1     106.8
1989  11       3.6       3.8      19.5     128.8
1989  12       6.6       7.5      15.1     160.1
1990   1       0.0       0.0      14.9     169.7
1990   2       0.0       0.0      13.6     145.2
1990   3       8.2       8.5      15.0     117.0
1990   4      23.2      28.4      15.2     109.6
1990   5      15.9      16.3      19.1     122.5
1990   6      53.4     104.3      22.4     124.3
1990   7      32.0      59.4      25.4     123.6
1990   8      72.4     128.9      30.7     128.7
1990   9      76.7     217.5      26.4     131.3
1990  10      41.7      76.9      21.8     103.0
1990  11      12.3      15.9      20.3     131.1
1990  12      11.0      13.8      17.4     143.1
1991   1       1.5       1.5      14.6     134.9
1991   2       0.0       0.0      14.0     145.2
1991   3      20.7      23.2      17.2     109.1
1991   4      11.7      12.7      18.7     108.6
1991   5      82.9     115.5      19.6     104.1
1991   6      70.0     148.8      23.8     118.8
1991   7      91.7     212.7      26.6     117.3
1991   8      22.4      38.7      29.0     163.7
1991   9      83.7     267.9      27.1     131.5
1991  10      21.9      40.9      22.7     148.4
1991  11      37.3      74.9      20.0     139.3
1991  12      27.8      38.7      17.0     133.9
1992   1      21.4      28.0      14.2     149.5
1992   2       0.0       0.0      13.2     145.2
1992   3      46.5      79.5      16.0      90.0
1992   4       3.0       3.0      14.9     131.1
1992   5       0.0       0.0      13.5     168.5
1992   6      46.9      80.1      20.1     142.3
1992   7      88.1     175.8      25.3     117.4
1992   8      61.9     122.2      30.3     136.9
1992   9       2.1       2.2      26.3     128.8
1992  10       0.7       0.7      22.8     173.5
1992  11      28.3      57.9      20.6     144.0
1992  12       0.7       0.7      17.3     132.5
1993   1       0.0       0.0      15.8     169.7
1993   2       0.0       0.0      14.7     145.2
1993   3       9.5      11.2      15.6     158.1
1993   4      43.6      55.1      16.0     114.4
1993   5      41.8      50.3      17.8     111.1
1993   6      73.5     117.9      20.1     117.1
1993   7      61.1     133.1      24.4     128.5
1993   8      68.8     104.3      27.3     115.4
1993   9      53.9     107.3      25.6     133.8
1993  10      54.7     116.8      22.0     130.4
1993  11      45.4      79.1      20.9     123.1
1993  12      34.9      60.0      18.7     132.8
1994   1       0.0       0.0      15.7     169.7
1994   2       0.0       0.0      14.7     145.2
1994   3       0.0       0.0      15.1     167.1
1994   4       0.0       0.0      17.2     159.7
1994   5      20.9      25.1      19.0     141.6
1994   6      70.2     125.9      22.2     122.6
1994   7      17.3      38.2      29.8     164.3
1994   8      41.0      68.6      33.6     124.5
1994   9       1.3       1.3      24.4     162.5
1994  10      13.0      17.8      22.8     144.5
1994  11      23.3      27.6      19.8     109.7
1994  12      70.3     132.1      18.6     114.2
1995   1      18.6      20.4      15.7     116.0
1995   2       0.0       0.0      13.5     145.2
1995   3       0.0       0.0      14.6     167.1
1995   4      38.9      57.4      18.2     111.6
1995   5      12.4      13.2      17.2     131.4
1995   6      93.1     203.2      20.6     117.1
1995   7      74.3     136.0      27.4     122.2
1995   8      77.6     174.2      29.5     119.9
1995   9     100.6     271.9      24.8     113.8
1995  10      61.7     105.9      23.9     113.7
1995  11      27.0      36.4      18.4     132.3
1995  12      35.6      55.0      15.8     140.9
1996   1       0.0       0.0      15.6     169.7
1996   2       0.0       0.0      15.2     145.2
1996   3       0.0       0.0      15.5     167.1
1996   4       2.9       2.9      15.0     156.9
1996   5      50.5      81.8      17.3     134.9
1996   6      80.1     139.6      22.1     113.6
1996   7      61.1     138.8      26.7     126.4
1996   8       1.1       1.3      26.0     163.8
1996   9      14.0      20.0      25.3     151.5
1996  10      42.7      68.9      21.6     111.9
1996  11      22.2      39.7      21.9     134.7
1996  12       0.0       0.0      16.8     160.1
1997   1       0.0       0.0      13.8     169.7
1997   2       0.0       0.0      16.0     145.2
1997   3       0.0       0.0      14.5     167.1
1997   4       8.9       9.7      16.1     159.7
1997   5       8.1       8.8      17.5     131.3
1997   6      47.3      73.3      18.9     139.2
1997   7      36.5      55.6      24.0     133.8
1997   8      61.8      96.3      29.3     130.9
1997   9      55.7      90.6      23.1     112.1
1997  10     110.6     218.9      20.4      90.0
1997  11      82.3     142.1      18.3      97.3
1997  12      87.6     158.2      16.9      90.0
1998   1     108.1     312.2      15.8      90.0
1998   2      98.6     310.1      13.0      90.0
1998   3     105.2     300.3      15.4      90.0
1998   4     115.7     251.7      16.5      90.0
1998   5     118.5     203.3      19.5      90.0
1998   6     161.8     426.0      21.7     104.7
1998   7      97.7     165.8      22.2     112.5
1998   8     161.0     391.7      26.5     102.5
1998   9      60.6     152.1      26.3     134.1
1998  10      80.1     172.2      23.0      97.4
1998  11      69.2     130.1      19.6     120.7
1998  12      48.3      88.6      18.9     122.2
1999   1       0.0       0.0      16.2     169.7
1999   2      18.4      22.9      16.7     135.0
1999   3       0.0       0.0      16.4     167.1
1999   4      16.1      20.7      17.1     139.8
1999   5      14.2      17.8      18.0     146.3
1999   6      59.9     117.2      23.6     127.0
1999   7      33.8      49.0      25.1     142.4
1999   8      67.1     110.2      25.1     136.9
1999   9      69.7     175.2      28.2     131.4
1999  10      67.6     141.2      23.3     109.8
1999  11       6.5       6.8      19.9     118.0
1999  12      27.2      41.3      17.3     131.6
2000   1       0.0       0.0      15.2     169.7
2000   2       0.0       0.0      15.9     145.2
2000   3      10.4      12.1      16.7     139.3
2000   4      11.9      13.7      16.9     121.3
2000   5       0.0       0.0      16.6     168.5
2000   6      50.6      95.2      22.8     126.0
2000   7       7.4       9.1      26.9     149.2
2000   8      18.3      26.9      29.8     137.3
2000   9      11.4      14.5      25.0     146.8
2000  10      56.1     108.2      24.6     119.0
2000  11      54.4     108.0      21.1     121.7
2000  12      41.8      71.3      18.3     132.2
2001   1      22.2      26.6      16.0     139.6
2001   2       0.0       0.0      17.3     145.2
2001   3       2.2       2.2      15.7     138.4
2001   4      55.6      91.2      16.3     101.3
2001   5      45.0      64.0      17.2     121.6
2001   6      44.9      98.9      22.2     126.4
2001   7      49.5      84.1      28.8     120.4
2001   8      26.2      69.0      27.6     163.8
2001   9      40.1      99.0      26.1     149.1
2001  10      68.8     128.5      22.9     104.8
2001  11      34.7      58.2      18.3     133.1
2001  12      42.1      69.5      17.1     116.8
2002   1      20.9      25.4      14.6     123.9
2002   2      62.6      88.2      15.5     102.6
2002   3      52.8      92.2      15.9     110.8
2002   4      10.4      12.3      16.0     113.9
2002   5      32.6      36.6      16.8     117.1
2002   6      72.3     145.1      21.2     124.6
2002   7      61.4     133.4      28.8     134.3
2002   8      45.4      84.2      28.2     142.2
2002   9      49.5      91.9      24.7     142.4
2002  10      44.1      67.6      21.3     112.2
2002  11      97.6     225.2      18.9      99.6
2002  12      96.4     193.7      16.1     106.6
2003   1      74.0     114.2      14.8     104.8
2003   2       6.0       6.3      14.7     134.9
2003   3      17.2      18.9      14.8     113.8
2003   4      23.7      27.1      17.2     106.2
2003   5       0.0       0.0      18.8     168.5
2003   6      57.6      94.3      20.4     129.5
2003   7      95.0     208.6      25.3     109.7
2003   8     125.6     339.4      29.5     108.1
2003   9      95.8     231.8      27.6     114.7
2003  10      69.0     145.6      22.0      96.0
2003  11      54.3     102.7      20.8      95.3
2003  12      63.4     102.3      17.8     109.3
2004   1      18.0      21.8      13.3     136.3
2004   2      20.1      25.3      15.4     137.3
2004   3      45.6      56.3      15.3     100.8
2004   4      41.4      54.1      16.0     108.9
2004   5      47.8      73.5      19.2     127.4
2004   6      13.8      18.9      24.1     142.1
2004   7      62.3      90.8      25.7     124.8
2004   8      58.1     110.1      29.9     134.4
2004   9      51.0     121.1      27.2     104.7
2004  10      39.5      90.7      22.6      96.8
2004  11      69.7     140.8      20.9     111.9
2004  12      25.1      32.1      16.0     133.9
2005   1      11.9      12.7      14.6     136.3
2005   2      64.6     115.5      14.2      92.4
2005   3      90.3     167.5      14.9      93.5
2005   4      84.3     146.5      16.0      90.5
2005   5      43.2      53.4      15.6     108.5
2005   6      78.1     153.6      19.7     123.4
2005   7      78.8     150.5      26.2     118.2
2005   8      77.5     138.4      28.0     127.0
2005   9     110.9     290.2      29.2      94.4
2005  10      73.3     150.9      23.5      99.2
2005  11      68.3     114.4      19.0     107.2
2005  12      49.7      84.2      16.9     122.8
2006   1       0.0       0.0      15.4     169.7
2006   2      28.1      39.9      16.2     125.5
2006   3       0.0       0.0      14.4     167.1
2006   4      37.9      57.5      16.4     111.9
2006   5      47.3      76.8      19.7     119.4
2006   6      80.9     149.6      21.4     117.3
2006   7      97.9     255.1      27.7     123.4
2006   8      12.4      15.8      31.5     115.0
2006   9      25.5      45.9      25.7     147.2
2006  10      69.2     143.5      23.2      96.5
2006  11      55.9     102.4      18.0     117.5
2006  12      90.8     243.1      17.6      90.0
2007   1      98.8     223.6      16.0      90.0
2007   2       0.0       0.0      13.1     145.2
2007   3       2.2       2.2      14.7     118.9
2007   4      84.2     137.7      16.3     108.8
2007   5      79.8     130.4      16.6     111.5
2007   6      48.2      68.6      19.6     121.7
2007   7      86.0     170.3      24.4     117.0
2007   8      79.7     174.6      31.9     123.0
2007   9      65.3     139.2      29.2     129.5
2007  10      62.4     121.1      24.1     112.1
2007  11      43.6      87.0      20.9     137.2
2007  12      38.2      55.6      16.9     125.2
2008   1       9.6      11.1      16.9     122.0
2008   2       0.0       0.0      14.5     145.2
2008   3       0.0       0.0      14.1     167.1
2008   4       0.0       0.0      16.7     159.7
2008   5      34.4      54.3      18.6     142.1
2008   6      54.2      95.0      21.4     123.8
2008   7      38.8      92.8      25.3     123.8
2008   8      34.6      72.8      23.5     154.8
2008   9      95.2     209.3      26.7     109.0
2008  10     118.7     285.0      22.8      99.8
2008  11      79.6     203.1      19.4     117.9
2008  12      24.9      38.4      16.7     132.7
2009   1      16.4      20.8      14.6     136.2
2009   2      11.9      13.6      16.5     119.3
2009   3      10.4      11.4      15.6     116.9
2009   4      61.1     106.1      15.3     124.4
2009   5       6.5       6.9      16.9     145.3
2009   6      72.3     137.0      20.6     133.8
2009   7      90.3     218.6      27.4     118.9
2009   8      84.0     216.5      29.3     114.6
2009   9      91.4     230.5      26.4     104.6
2009  10      71.1     197.3      22.5      96.8
2009  11      60.6      86.9      19.8     102.7
2009  12      34.9      55.2      14.5     142.3
2010   1      53.1      81.2      15.6      96.7
2010   2      78.1     162.9      13.0      90.0
2010   3      86.2     197.8      16.8      90.0
2010   4     106.3     273.7      16.3      90.0
2010   5     112.4     221.9      14.2      96.8
2010   6     165.1     402.6      19.6     103.8
2010   7     173.5     429.4      26.2     108.8
2010   8     151.7     436.5      32.0      90.0
2010   9     120.9     305.3      28.0     100.5
2010  10      58.9     130.0      23.8     133.6
2010  11      47.3      96.1      18.5     127.2
2010  12       0.0       0.0      15.6     160.1
2011   1       0.0       0.0      15.0     169.7
2011   2       0.0       0.0      13.3     145.2
2011   3       0.0       0.0      16.4     167.1
2011   4       8.2       9.2      15.2     144.0
2011   5      58.6     116.4      19.1     124.8
2011   6      80.4     212.0      23.4     123.3
2011   7      29.7      50.6      27.8     141.1
2011   8      69.5     160.4      29.1     131.9
2011   9      85.4     233.5      27.0     142.2
2011  10      66.1     156.7      23.6     121.2
2011  11      39.9      76.4      19.8     121.2
2011  12      59.3     120.5      17.9     121.9
2012   1       0.0       0.0      14.6     169.7
2012   2      11.1      13.0      16.0     139.3
2012   3       0.0       0.0      16.2     167.1
2012   4      32.1      42.6      15.6     115.4
2012   5      11.6      13.4      17.9     144.9
2012   6      56.3     126.8      21.8     130.7
2012   7      44.5      79.3      27.5     125.3
2012   8      62.4     100.3      33.6     129.5
2012   9      64.4     179.5      25.4     133.1
2012  10      27.0      41.0      21.7     107.7
2012  11      60.8     103.2      17.0     109.6
2012  12      38.6      61.3      15.9     121.7
2013   1      37.4      50.0      15.1     113.6
2013   2      72.9     117.4      16.9     108.9
2013   3      60.5      86.7      15.5     107.9
2013   4      63.6      89.9      14.8     110.5
2013   5      94.8     150.2      16.8     111.9
2013   6      68.0     114.5      22.2     124.9
2013   7      54.5      90.5      27.0     119.9
2013   8     112.5     224.1      28.8     117.0
2013   9      55.2     105.4      28.7     116.8
2013  10      43.6      98.2      23.2     139.6
2013  11      41.0      72.8      18.4     120.2
2013  12      40.9      65.8      15.5     128.9
2014   1       9.7      11.5      15.2     149.6
2014   2       0.0       0.0      12.8     145.2
2014   3      46.4      59.7      14.8     106.8
2014   4      76.8     141.6      15.9     119.4
2014   5     113.1     202.9      18.0     103.2
2014   6      74.3     146.8      20.4     122.0
2014   7     109.1     293.6      25.3     115.4
2014   8     119.1     294.0      27.5     116.3
2014   9     106.1     267.0      25.1     106.3
2014  10      68.6     124.7      22.7     106.9
2014  11     103.6     218.2      18.5     104.7
2014  12      82.1     160.7      17.1      97.5
2015   1      40.3      54.9      15.3     117.8
2015   2       0.0       0.0      13.0     145.2
2015   3      49.3      82.3      15.9      93.7
2015   4      47.3      64.9      16.8     106.4
2015   5     143.9     340.1      18.8      97.2
2015   6     147.0     362.2      23.0     110.5
2015   7     102.9     300.0      27.4     133.0
2015   8      83.4     146.4      24.7     128.0
2015   9     103.2     210.1      23.6      93.2
2015  10     149.9     335.2      21.7      90.0
2015  11     119.4     300.6      20.1      90.0
2015  12     127.2     340.2      17.3      90.0
2016   1     110.8     408.3      14.6      90.0
2016   2     112.3     316.7      15.5      90.0
2016   3     100.1     312.5      13.2      90.0
2016   4     132.2     396.3      16.5      90.0
2016   5     135.5     253.1      18.1      97.1
2016   6     168.8     437.5      21.8     106.9
2016   7     126.5     276.3      25.7     111.5
2016   8      78.1     207.6      30.1      91.5
2016   9     123.5     453.9      26.7     125.3
2016  10     117.3     336.4      24.8     110.1
2016  11     103.3     239.8      19.8      97.7
2016  12      66.4     137.2      18.1     113.8
2017   1      15.6      17.7      16.3     146.5
2017   2      20.1      26.3      14.9     142.7
2017   3      29.2      40.4      14.8     128.9
2017   4      88.9     141.0      16.0     103.7
2017   5     135.0     311.5      17.2      97.1
2017   6     143.6     403.5      20.8     109.6
2017   7     152.2     322.5      25.3     113.1
2017   8     133.9     313.6      26.3     110.8
2017   9     165.1     475.2      25.0      92.3
2017  10     102.1     267.0      26.1      98.7
2017  11      48.1      81.1      20.3     107.2
2017  12      72.0     149.0      18.3      93.7
2018   1       0.0       0.0      16.4     169.7
2018   2      14.8      19.9      15.7     140.2
2018   3       0.0       0.0      14.7     167.1
2018   4       0.0       0.0      16.5     159.7
2018   5     102.7     169.1      20.4     106.6
2018   6     102.7     267.4      21.8     131.4
2018   7      70.0     149.2      33.3     121.1
2018   8      93.3     255.4      33.5     124.4
2018   9      83.7     220.2      27.7      91.3
2018  10      92.5     223.5      21.4      90.0
2018  11      96.9     192.1      18.7      90.0
