  2017     7     1     139.5     514.5      24.5     117.3
  2017     7     2     143.5     549.2      25.4     121.0
  2017     7     3     155.4     618.6      24.4     117.1
  2017     7     4     170.3     764.8      25.3     113.8
  2017     7     5     193.2     832.0      25.7     106.5
  2017     7     6     160.2     632.7      26.0     108.0
  2017     7     7     148.2     475.6      25.7     109.8
  2017     7     8     153.1     448.0      23.3      90.0
  2017     7     9     134.1     332.1      22.6      90.0
  2017     7    10     135.6     376.4      25.0      90.0
  2017     7    11     169.4     488.4      28.1      92.0
  2017     7    12     127.5     321.1      29.0     104.8
  2017     7    13     120.8     331.2      29.5      94.5
  2017     7    14     163.1     538.4      26.8      90.4
  2017     7    15     184.8     658.7      29.4      90.0
  2017     7    16     195.8     622.4      32.0      90.0
  2017     7    17     193.2     597.6      28.7      90.0
  2017     7    18     199.2     610.7      27.3      90.0
  2017     7    19     135.9     460.9      27.2      90.0
  2017     7    20     153.9     536.1      31.2      98.6
  2017     7    21     211.4     716.7      34.9      97.1
  2017     7    22     141.6     441.0      33.6      94.6
  2017     7    23      75.2     190.9      33.5     102.1
  2017     7    24      50.4     125.8      32.4     108.5  
  2017     7    25      70.4     205.6      29.8     107.3
  2017     7    26     114.8     345.7      32.1     104.2
  2017     7    27     171.3     612.5      34.2      90.0
  2017     7    28     182.4     602.3      30.7      90.0
  2017     7    29      99.3     330.2      32.0      90.0
  2017     7    30     118.4     335.3      30.1      90.0
  2017     7    31     131.2     305.1      24.7     109.0
  2017     8     1     125.8     266.2      25.0     100.4
  2017     8     2      63.4     173.8      29.6     124.6
  2017     8     3      67.7     200.7      29.1     127.3
  2017     8     4     125.3     362.4      29.1     116.9
  2017     8     5     168.6     434.1      24.6      90.0
  2017     8     6     182.7     531.4      20.9      90.0
  2017     8     7     192.9     572.2      21.0      90.0
  2017     8     8     169.3     445.5      19.1      90.0
  2017     8     9     129.6     314.7      19.2      94.2
  2017     8    10     129.8     328.0      20.1     102.2
  2017     8    11     152.6     442.2      22.0     100.0
  2017     8    12     160.5     456.0      22.4      96.8
  2017     8    13     166.2     454.9      21.8      90.0
  2017     8    14     157.1     389.4      21.3      90.0
  2017     8    15     133.4     394.0      21.5      91.7
  2017     8    16     111.3     352.4      24.8     114.1
  2017     8    17     142.5     550.3      25.0     111.7
  2017     8    18     161.2     658.2      25.7     104.4
  2017     8    19     146.0     506.3      26.5      90.0
  2017     8    20     102.0     302.0      26.9      99.4
  2017     8    21     125.8     401.2      28.8     102.5
  2017     8    22     174.5     705.7      29.7      90.0
  2017     8    23     179.6     694.3      29.7      90.0
  2017     8    24     149.1     508.9      30.2      91.2
  2017     8    25     129.9     517.0      31.0      96.2
  2017     8    26     130.3     599.4      31.3     101.0
  2017     8    27     133.8     579.9      31.5      94.9
  2017     8    28     129.2     506.7      31.9      91.9
  2017     8    29     152.3     558.0      31.6      90.0
  2017     8    30     146.8     512.3      30.8      90.0
  2017     8    31     142.7     580.4      19.5      90.0
