  2011     8     1      75.1     350.9      24.6     137.5
  2011     8     2      92.5     255.6      27.9     108.3
  2011     8     3      45.2     104.5      29.9     127.3
  2011     8     4      50.7      87.5      31.6     129.8
  2011     8     5      37.9      67.0      32.5     128.8
  2011     8     6      72.5     152.2      36.3     127.2
  2011     8     7      96.5     295.5      32.1      92.5
  2011     8     8     118.7     399.2      29.0      92.1
  2011     8     9     116.1     408.5      30.5     118.0
  2011     8    10     119.1     363.5      27.8     117.1
  2011     8    11     117.0     332.7      24.3     113.5
  2011     8    12     107.5     304.9      24.2     112.0
  2011     8    13     136.1     460.9      24.1     105.0
  2011     8    14     140.0     422.1      26.9     102.1
  2011     8    15     120.5     300.1      26.5     105.0
  2011     8    16      81.2     170.3      27.1     106.9
  2011     8    17     103.6     248.0      28.8     111.4
  2011     8    18     137.7     472.8      30.5     107.5
  2011     8    19     160.6     668.8      28.6     102.0
  2011     8    20     131.4     531.7      27.0      90.0
  2011     8    21     111.9     392.7      24.8      90.0
  2011     8    22      87.7     375.4      25.5      90.0
  2011     8    23      98.9     468.7      27.3      90.0
  2011     8    24     106.1     458.0      28.9      90.0
  2011     8    25      95.2     304.2      29.9      90.0
  2011     8    26      86.9     228.7      30.6      90.0
  2011     8    27      80.6     213.0      31.0     124.1
  2011     8    28      84.4     215.4      31.6     122.0
  2011     8    29      83.4     161.6      30.6      90.0
  2011     8    30      27.7      48.9      34.2      90.0
  2011     8    31      36.3      67.0      31.8      90.0
  2012     8     1      87.4     280.8      36.3     122.8
  2012     8     2     107.6     343.7      36.1     124.8
  2012     8     3     108.4     314.8      35.8     121.5
  2012     8     4      78.7     186.4      36.0     104.7
  2012     8     5      67.3     129.2      35.1     107.2
  2012     8     6      97.8     245.2      30.5     113.1
  2012     8     7     123.8     301.6      32.9     100.0
  2012     8     8      56.8     135.1      32.3      97.5
  2012     8     9      84.5     199.9      26.3     131.9
  2012     8    10     112.2     245.8      27.8     127.0
  2012     8    11      68.8     127.4      30.1     100.0
  2012     8    12      52.9     111.7      29.9     127.5
  2012     8    13     101.3     259.1      30.5     120.0
  2012     8    14     162.7     463.7      30.2      90.0
  2012     8    15     149.7     469.3      31.7      90.0
  2012     8    16     106.2     331.7      33.1      90.0
  2012     8    17      98.3     318.9      33.6      90.0
  2012     8    18     120.1     327.6      34.0      90.0
  2012     8    19     113.0     307.5      34.0      90.0
  2012     8    20      77.2     246.6      31.9     122.0
  2012     8    21      76.5     264.9      31.5     130.0
  2012     8    22      82.1     276.5      32.3     130.0
  2012     8    23     107.4     339.9      32.6     127.1
  2012     8    24     147.1     421.8      33.2     111.2
  2012     8    25      88.2     234.9      32.8      90.0
  2012     8    26      64.6     168.5      32.8     124.4
  2012     8    27      72.4     175.9      29.8     126.8
  2012     8    28     111.0     252.2      23.9     121.7
  2012     8    29     108.6     214.9      26.5      90.0
  2012     8    30      53.8     116.1      32.3      92.5
  2012     8    31      86.6     228.7      34.3     108.4
  2013     8     1     136.8     452.0      27.1     121.4
  2013     8     2     161.0     672.8      26.5      90.0
  2013     8     3     160.0     602.4      25.4      90.0
  2013     8     4     140.7     526.6      24.7      90.0
  2013     8     5     149.6     617.4      24.7     103.6
  2013     8     6     157.1     599.3      25.5     106.7
  2013     8     7     127.9     425.0      26.3     107.5
  2013     8     8     116.7     366.0      28.5     106.4
  2013     8     9     145.6     400.2      29.4     109.5
  2013     8    10     168.3     511.6      32.3      90.0
  2013     8    11     167.4     497.6      32.6      90.0
  2013     8    12     170.7     424.8      30.8      90.0
  2013     8    13     150.4     346.8      31.6      90.0
  2013     8    14      86.2     164.0      31.8      92.9
  2013     8    15      43.4      74.4      33.1      93.0
  2013     8    16      33.9      79.9      34.6     105.0
  2013     8    17      59.9     114.2      31.6     106.2
  2013     8    18      66.5     158.0      32.0      97.5
  2013     8    19      88.7     258.7      33.5      96.7
  2013     8    20     115.8     373.6      33.8     104.4
  2013     8    21     127.4     388.7      32.9     110.0
  2013     8    22     123.5     352.4      32.9     110.0
  2013     8    23     110.8     275.5      31.2      90.0
  2013     8    24     104.8     225.2      28.1      90.0
  2013     8    25      53.6      91.6      25.8     108.9
  2013     8    26      80.0     165.3      25.5     109.0
  2013     8    27     151.3     335.5      26.6     105.0
  2013     8    28     144.0     303.8      26.9     110.0
  2013     8    29      83.5     178.7      26.7     120.0
  2013     8    30      92.2     223.6      25.9     117.5
  2013     8    31      85.4     274.2      25.7     127.5
  2014     8     1      66.2     160.2      33.2     129.4
  2014     8     2      42.8      87.9      33.4     132.3
  2014     8     3      59.0     139.0      31.3     132.5
  2014     8     4     103.9     236.6      31.6     117.5
  2014     8     5     117.7     298.7      28.8     112.2
  2014     8     6     125.8     363.7      24.9     111.2
  2014     8     7     108.7     488.6      27.3     135.0
  2014     8     8     118.6     567.9      25.9     112.5
  2014     8     9     153.0     542.1      25.2      92.5
  2014     8    10     133.5     307.9      23.3     106.7
  2014     8    11      83.3     228.9      28.2     141.8
  2014     8    12     128.8     407.3      28.7     128.1
  2014     8    13     174.5     615.2      27.4     117.5
  2014     8    14     195.2     679.3      27.1     110.0
  2014     8    15     177.1     567.5      27.8      99.0
  2014     8    16     134.7     468.6      28.2     101.2
  2014     8    17     167.0     697.1      28.1     105.0
  2014     8    18     198.7     834.5      26.9      90.0
  2014     8    19     169.7     700.9      24.8      90.0
  2014     8    20     140.3     524.6      25.6      90.8
  2014     8    21     116.3     397.8      26.4     110.0
  2014     8    22     123.7     348.2      26.9     105.0
  2014     8    23     140.1     385.7      26.9      91.5
  2014     8    24     159.4     548.6      24.8      90.0
  2014     8    25     147.8     550.4      26.2      91.2
  2014     8    26     136.5     438.3      27.0     103.2
  2014     8    27     136.1     474.7      27.2     101.8
  2014     8    28     125.5     442.6      27.1      96.2
  2014     8    29     113.9     393.4      26.5      92.5
  2014     8    30      81.7     225.8      25.9      95.0
  2014     8    31      68.1     204.0      26.2     105.0
  2015     8     1     162.8     464.2      31.1      90.0
  2015     8     2     154.8     410.5      30.8      90.0
  2015     8     3      89.2     179.1      30.7      90.0
  2015     8     4      45.5      79.1      29.9     117.2
  2015     8     5      61.8     131.7      30.1     122.9
  2015     8     6     123.0     361.1      32.0     119.9
  2015     8     7     140.0     400.2      33.8      90.0
  2015     8     8     113.5     241.3      35.1      90.0
  2015     8     9     106.3     249.5      27.2      90.0
  2015     8    10     165.8     466.0      20.5      90.0
  2015     8    11     179.0     571.7      20.9      90.0
  2015     8    12     167.0     433.9      19.8      90.0
  2015     8    13     143.4     319.0      22.2     100.0
  2015     8    14     158.6     394.4      23.4     101.6
  2015     8    15     129.0     409.1      23.3      90.0
  2015     8    16     118.0     353.6      23.7      90.0
  2015     8    17     131.5     354.4      24.7      90.0
  2015     8    18     136.7     391.7      28.7      90.0
  2015     8    19     120.6     369.0      28.9      90.0
  2015     8    20      91.0     216.4      29.0      93.2
  2015     8    21      49.7     105.5      26.7     147.0
  2015     8    22      60.5     138.0      19.8     134.5
  2015     8    23      78.0     193.5      17.5     122.3
  2015     8    24      78.2     184.9      19.5     122.3
  2015     8    25      93.0     223.3      24.0     117.6
  2015     8    26      87.3     212.3      23.1     106.9
  2015     8    27      65.0     140.1      22.2     105.0
  2015     8    28     102.1     213.1      22.0     116.8
  2015     8    29     116.6     301.5      22.7     113.8
  2015     8    30     140.6     383.1      23.8     109.8
  2015     8    31     137.1     366.8      22.8      90.0
  2016     8     1      87.7     226.1      30.2      90.0
  2016     8     2      92.3     288.5      28.9      97.0
  2016     8     3     135.3     493.8      34.3      98.6
  2016     8     4     159.7     586.7      40.0      90.0
  2016     8     5     154.3     523.1      39.9      90.0
  2016     8     6     113.0     387.8      37.0      90.0
  2016     8     7     123.1     448.6      38.5      90.0
  2016     8     8     101.3     348.0      30.5      91.8
  2016     8     9     130.0     402.0      33.2      94.4
  2016     8    10     148.5     514.8      32.3     106.5
  2016     8    11     134.0     455.4      33.1      90.0
  2016     8    12     115.8     399.8      33.3      94.9
  2016     8    13     122.6     415.8      34.5      97.0
  2016     8    14      96.8     419.4      30.5      98.5
  2016     8    15      81.3     368.4      31.9     106.1
  2016     8    16      73.3     358.2      31.6     109.4
  2016     8    17      82.7     403.9      32.6     100.0
  2016     8    18      93.5     429.7      34.4      96.1
  2016     8    19     107.8     480.9      35.0      90.0
  2016     8    20     122.8     491.1      36.3      90.0
  2016     8    21     136.4     639.5      34.0      90.0
  2016     8    22     131.0     567.1      31.0      90.0
  2016     8    23     124.0     417.9      31.9      90.0
  2016     8    24     108.3     298.3      32.2      90.0
  2016     8    25     110.8     252.1      27.6      90.0
  2016     8    26     171.1     487.0      20.1      90.0
  2016     8    27     143.0     347.3      18.1      90.0
  2016     8    28      85.6     152.3      16.8      90.0
  2016     8    29      63.2     120.4      17.6     118.6
  2016     8    30      92.5     172.6      15.2     106.7
  2016     8    31      96.2     187.5      18.7      94.6
  2017     8     1     125.8     266.2      25.0     100.4
  2017     8     2      63.4     173.8      29.6     124.6
  2017     8     3      67.7     200.7      29.1     127.3
  2017     8     4     125.3     362.4      29.1     116.9
  2017     8     5     168.6     434.1      24.6      90.0
  2017     8     6     182.7     531.4      20.9      90.0
  2017     8     7     192.9     572.2      21.0      90.0
  2017     8     8     169.3     445.5      19.1      90.0
  2017     8     9     129.6     314.7      19.2      94.2
  2017     8    10     129.8     328.0      20.1     102.2
  2017     8    11     152.6     442.2      22.0     100.0
  2017     8    12     160.5     456.0      22.4      96.8
  2017     8    13     166.2     454.9      21.8      90.0
  2017     8    14     157.1     389.4      21.3      90.0
  2017     8    15     133.4     394.0      21.5      91.7
  2017     8    16     111.3     352.4      24.8     114.1
  2017     8    17     142.5     550.3      25.0     111.7
  2017     8    18     161.2     658.2      25.7     104.4
  2017     8    19     146.0     506.3      26.5      90.0
  2017     8    20     102.0     302.0      26.9      99.4
  2017     8    21     125.8     401.2      28.8     102.5
  2017     8    22     174.5     705.7      29.7      90.0
  2017     8    23     179.6     694.3      29.7      90.0
  2017     8    24     149.1     508.9      30.2      91.2
  2017     8    25     129.9     517.0      31.0      96.2
  2017     8    26     130.3     599.4      31.3     101.0
  2017     8    27     133.8     579.9      31.5      94.9
  2017     8    28     129.2     506.7      31.9      91.9
  2017     8    29     152.3     558.0      31.6      90.0
  2017     8    30     146.8     512.3      30.8      90.0
  2017     8    31     142.7     580.4      19.5      90.0
  2018     8     1      67.7     209.6      38.6     109.6
  2018     8     2      58.9     195.2      36.6     109.4
  2018     8     3      61.5     204.7      36.3     100.8
  2018     8     4      84.8     238.0      36.1      90.0
  2018     8     5     109.6     278.8      35.2      90.0
  2018     8     6      95.6     317.5      33.5      93.8
  2018     8     7     108.1     447.2      36.0     105.1
  2018     8     8     128.9     386.1      35.1      90.0
  2018     8     9     113.9     314.5      32.0      90.0
  2018     8    10      89.2     244.2      31.7      90.0
  2018     8    11      71.2     201.6      32.5     136.3
  2018     8    12      93.0     320.1      34.2     122.4
  2018     8    13     113.2     475.5      35.2     119.4
  2018     8    14     126.9     591.2      35.0     101.2
  2018     8    15     125.9     500.5      34.6      90.0
  2018     8    16     108.5     370.1      36.3      90.0
  2018     8    17      77.4     270.9      33.6      90.0
  2018     8    18      91.0     374.3      30.8     123.9
  2018     8    19     115.9     509.2      31.4     124.0
  2018     8    20     116.2     544.5      31.7     129.3
  2018     8    21     114.7     474.5      33.6      90.0
  2018     8    22     141.1     530.9      30.0      93.5
  2018     8    23     129.4     531.6      26.2     121.8
  2018     8    24     102.1     364.9      26.7     126.3
  2018     8    25      96.1     271.2      32.5     123.6
  2018     8    26     108.9     301.8      32.4     118.5
  2018     8    27     167.6     487.5      31.2     109.8
  2018     8    28     147.2     438.9      31.2     110.2
  2018     8    29     107.5     343.6      31.0     118.6
  2018     8    30     137.5     428.1      29.8     117.5
  2018     8    31     150.2     428.9      29.6     109.7
