30.35714
30.375
30.57018
30.70175
30.60345
30.5
30.67797
30.80645
30.90909
31.61184
31.41892
31.57534
31.64179
32.03947
31.98276
32.08333
32.04301
32.13158
32.15
32.11165
31.94711
31.86893
31.88119
32.01087
31.98795
32.16667
32.57895
32.63021
32.60526
32.55618
32.58333
32.05882
32.12644
32.24432
31.95513
31.875
31.84783
31.80147
31.75373
31.61765
31.47887
31.56716
31.50735
31.42308
31.65254
31.69643
31.52174
31.11111
30.78947
30.67568
30.90909
30.41667
-9.96921e+36
-9.96921e+36
-9.96921e+36
-9.96921e+36
-9.96921e+36
-9.96921e+36
-9.96921e+36
-9.96921e+36
-9.96921e+36
-9.96921e+36
