29.21296
29.60145
29.48276
30.37815
30.65
30.56548
31.68675
32.45283
32.96875
32.28261
31.55822
31.18518
31.78572
32.68987
33.23113
33.99281
33.60632
33.47368
33.45376
33.28402
33.72093
33.68313
32.99528
32.66177
32.93103
33.19019
34.06404
34.69298
35.05682
34.56633
33.90995
33.07339
32.13351
31.36986
32.05521
31.82836
32.3665
33.03098
33.03648
32.64218
32.45223
31.25
31.3447
31.49306
31.85535
32.38281
32.40964
32.33516
32.78509
32.73438
32.34375
31.86747
32.9023
32.57212
32.06667
31.875
-9.96921e+36
29.16667
31.11111
31.02941
30.625
31.13281
