  2011     7     1      40.7     100.1      25.1     112.3
  2011     7     2      43.7      98.4      25.1     111.6
  2011     7     3     115.9     225.3      24.8     107.3
  2011     7     4     161.6     344.2      23.0     102.5
  2011     7     5      73.8     118.3      23.2     106.5
  2011     7     6      28.2      54.7      25.3     152.1
  2011     7     7      85.6     206.4      26.5     122.5
  2011     7     8      69.0     212.1      30.1     125.6
  2011     7     9      55.0     192.5      32.1     124.6
  2011     7    10      44.4     172.5      32.4     127.1
  2011     7    11      52.9     210.4      31.7     130.0
  2011     7    12      65.1     199.3      30.6     127.5
  2011     7    13      77.6     250.0      30.1     126.6
  2011     7    14      83.2     288.4      30.5     122.1
  2011     7    15      72.6     207.1      31.2     124.1
  2011     7    16      35.7      86.0      27.3     127.3
  2011     7    17      38.6      86.2      27.9     133.6
  2011     7    18      69.5     168.5      21.9     139.5
  2011     7    19      72.5     173.1      20.1     132.0
  2011     7    20      72.8     165.8      20.5     120.8
  2011     7    21      67.9     170.6      22.5     117.5
  2011     7    22      64.7     233.1      27.8     114.2
  2011     7    23      85.4     354.6      26.3     112.4
  2011     7    24     113.7     463.0      27.5      90.0
  2011     7    25     135.8     539.3      28.1      90.0
  2011     7    26     133.0     448.6      28.6      90.0
  2011     7    27      93.3     294.3      27.4     109.4
  2011     7    28      55.0     119.3      27.0     109.5
  2011     7    29      12.1      22.6      24.4     115.0
  2011     7    30      28.1     116.9      24.9     162.0
  2011     7    31      58.9     272.9      22.4     145.0
  2012     7     1      85.9     216.4      25.1     106.9
  2012     7     2      50.7      94.4      24.8     112.5
  2012     7     3      26.0      39.0      25.1     119.4
  2012     7     4      53.0     118.5      26.3     117.0
  2012     7     5      46.7     143.8      26.5     115.6
  2012     7     6      29.2      64.4      25.8     116.6
  2012     7     7      16.5      24.3      25.1     118.8
  2012     7     8      45.7      83.3      24.8     113.8
  2012     7     9      82.1     227.2      23.8     109.7
  2012     7    10      86.4     293.5      24.2     118.3
  2012     7    11     122.2     381.6      24.6     118.3
  2012     7    12      76.2     208.5      25.9     116.2
  2012     7    13      45.0     129.7      26.0     123.8
  2012     7    14      56.2     183.7      26.5     126.9
  2012     7    15      86.5     316.1      27.3     109.5
  2012     7    16      76.0     292.9      30.7      93.8
  2012     7    17      52.2     192.9      34.9     125.0
  2012     7    18      56.7     142.1      28.5     127.5
  2012     7    19      76.0     188.0      27.5     122.1
  2012     7    20     105.6     362.5      26.4     115.5
  2012     7    21      98.9     368.3      27.3     115.0
  2012     7    22      70.7     309.1      30.0     122.0
  2012     7    23      98.7     380.6      31.5     116.9
  2012     7    24     123.4     437.2      32.9     109.2
  2012     7    25     112.7     363.6      33.4     104.6
  2012     7    26      79.0     211.9      33.4     112.5
  2012     7    27      78.4     202.1      33.9     115.0
  2012     7    28      72.9     188.4      34.1     110.0
  2012     7    29      58.8     153.7      34.3     122.0
  2012     7    30      53.7     163.4      35.0     126.7
  2012     7    31      62.5     213.7      35.8     125.0
  2013     7     1      79.7     221.3      23.6     114.0
  2013     7     2     104.3     317.8      23.5     111.4
  2013     7     3      99.7     274.0      25.3     111.4
  2013     7     4      87.7     248.2      26.7     115.0
  2013     7     5      94.2     300.7      27.1     115.0
  2013     7     6      96.7     284.9      27.3     114.0
  2013     7     7      73.3     247.9      27.9     115.7
  2013     7     8      49.8     157.9      28.8     118.9
  2013     7     9      35.4      71.0      29.1     121.4
  2013     7    10      69.8     192.3      31.4     119.7
  2013     7    11     124.5     447.7      31.9     110.0
  2013     7    12     115.9     458.7      31.7     115.6
  2013     7    13     114.9     407.7      31.6     116.0
  2013     7    14     124.7     402.8      30.6     119.7
  2013     7    15     100.1     303.6      27.5     119.2
  2013     7    16     114.4     305.0      29.6     121.9
  2013     7    17      67.2     166.4      27.1     122.5
  2013     7    18      35.4      69.8      27.2     124.8
  2013     7    19      35.5      76.2      23.8     118.8
  2013     7    20      50.2      99.1      26.2     120.0
  2013     7    21      50.8      97.0      25.2     119.4
  2013     7    22      98.4     214.1      25.0     112.2
  2013     7    23      82.9     161.6      23.9     110.0
  2013     7    24      65.3     134.4      23.6     111.6
  2013     7    25      80.0     230.2      24.8     111.9
  2013     7    26      97.5     260.4      25.4     109.4
  2013     7    27      92.5     238.0      25.0     107.5
  2013     7    28     119.3     304.8      24.8      90.0
  2013     7    29      81.5     179.2      24.9      90.0
  2013     7    30      30.0      74.9      24.4     133.8
  2013     7    31      67.1     163.4      26.4     127.5
  2014     7     1     156.3     655.0      23.6     102.5
  2014     7     2     112.4     378.0      22.7     109.3
  2014     7     3      89.3     273.3      23.2     119.0
  2014     7     4     124.7     418.1      23.7     115.9
  2014     7     5     139.3     535.7      24.1     115.4
  2014     7     6     127.9     537.6      25.1      90.0
  2014     7     7      89.6     366.4      27.4     128.8
  2014     7     8      87.8     265.7      28.3     126.1
  2014     7     9      89.8     262.6      23.1     117.2
  2014     7    10     117.9     366.9      23.9     111.4
  2014     7    11     142.9     521.2      24.3     108.8
  2014     7    12     141.0     525.4      24.4     107.5
  2014     7    13     129.3     469.3      25.0     101.9
  2014     7    14     152.8     590.4      26.7     106.0
  2014     7    15     153.5     560.8      26.9     102.9
  2014     7    16     138.7     470.6      27.6     110.0
  2014     7    17     120.1     383.7      29.1     112.5
  2014     7    18     128.9     356.6      31.4     110.0
  2014     7    19     126.1     336.9      30.2     107.3
  2014     7    20     122.5     355.5      28.5     103.6
  2014     7    21     143.8     433.3      27.6     104.2
  2014     7    22     111.3     328.5      27.1     103.6
  2014     7    23      82.9     187.3      27.4      90.0
  2014     7    24     129.4     375.4      29.3     124.6
  2014     7    25     166.9     660.1      31.0      90.0
  2014     7    26     170.9     599.6      30.7      90.0
  2014     7    27      90.7     194.1      26.2      90.0
  2014     7    28     103.5     260.2      26.3     126.9
  2014     7    29     138.1     421.7      27.3     121.7
  2014     7    30     145.4     393.3      29.3      92.5
  2014     7    31      97.9     243.2      33.7      92.1
  2015     7     1     130.9     475.7      22.3      90.0
  2015     7     2     114.0     488.8      23.2      95.0
  2015     7     3      95.5     414.5      24.9     126.1
  2015     7     4      88.1     399.2      25.9     125.0
  2015     7     5     119.3     502.9      25.8     125.4
  2015     7     6     119.9     499.2      27.7     127.5
  2015     7     7     127.5     548.7      28.7     127.0
  2015     7     8     140.1     612.7      33.4     122.0
  2015     7     9     136.9     556.4      32.8     119.4
  2015     7    10     137.0     496.2      31.9     119.6
  2015     7    11      98.6     265.1      23.0     121.8
  2015     7    12      75.7     208.5      24.8      90.0
  2015     7    13      77.6     209.2      28.4     139.5
  2015     7    14      82.2     209.4      31.8     141.6
  2015     7    15     117.3     403.6      29.2     142.4
  2015     7    16     142.3     549.8      20.9     134.7
  2015     7    17     152.1     588.9      22.8     124.7
  2015     7    18     161.4     570.2      27.5     124.0
  2015     7    19     164.7     593.9      28.1     119.8
  2015     7    20     161.0     478.4      28.6     116.6
  2015     7    21     159.1     459.7      24.9      90.0
  2015     7    22     163.2     429.9      26.0      90.0
  2015     7    23     115.4     265.3      27.2      90.0
  2015     7    24      46.5     108.5      27.7      90.0
  2015     7    25      71.1     155.1      28.1      90.0
  2015     7    26     166.3     417.3      29.1      90.0
  2015     7    27     139.8     390.3      28.6      90.0
  2015     7    28     126.6     375.3      29.7      90.0
  2015     7    29     147.1     426.8      30.7      90.0
  2015     7    30     125.3     370.1      29.4      90.0
  2015     7    31     137.1     380.3      30.8      90.0
  2016     7     1     145.4     451.9      25.1      94.8
  2016     7     2     153.6     533.2      25.9      94.6
  2016     7     3     160.2     595.5      26.7      90.0
  2016     7     4     154.2     650.9      28.2      90.0
  2016     7     5     166.4     757.5      31.4     113.8
  2016     7     6     171.0     692.2      31.1     105.0  
  2016     7     7     143.3     542.6      31.8     105.3
  2016     7     8     126.0     407.1      30.6     106.7
  2016     7     9     123.8     405.2      31.9     126.4
  2016     7    10     133.2     412.8      29.6     124.7
  2016     7    11     135.9     395.5      24.1     119.6
  2016     7    12     147.9     432.4      21.5     115.0
  2016     7    13     130.1     372.9      21.9     112.4
  2016     7    14     121.1     266.0      22.5      90.0
  2016     7    15     129.5     299.6      23.0     104.7
  2016     7    16     168.8     460.7      23.8      96.2
  2016     7    17     119.6     274.0      24.2      92.5
  2016     7    18      76.6     164.6      27.5     126.4
  2016     7    19      87.1     219.1      26.6     115.0
  2016     7    20     136.0     337.5      24.4     111.5
  2016     7    21     113.9     346.1      26.1     106.8
  2016     7    22     107.1     326.7      25.5     103.7
  2016     7    23     112.7     391.0      26.4     107.3
  2016     7    24     145.3     500.0      28.3     104.8
  2016     7    25     142.3     499.5      27.8      90.0
  2016     7    26     135.1     439.8      26.0      90.0
  2016     7    27     145.6     462.0      24.6      90.0
  2016     7    28     125.4     360.9      32.4      92.9
  2016     7    29     114.6     370.0      33.4     108.9
  2016     7    30     148.5     432.9      34.8      90.0
  2016     7    31     112.3     294.6      30.7      90.0
  2017     7     1     139.5     514.5      24.5     117.3
  2017     7     2     143.5     549.2      25.4     121.0
  2017     7     3     155.4     618.6      24.4     117.1
  2017     7     4     170.3     764.8      25.3     113.8
  2017     7     5     193.2     832.0      25.7     106.5
  2017     7     6     160.2     632.7      26.0     108.0
  2017     7     7     148.2     475.6      25.7     109.8
  2017     7     8     153.1     448.0      23.3      90.0
  2017     7     9     134.1     332.1      22.6      90.0
  2017     7    10     135.6     376.4      25.0      90.0
  2017     7    11     169.4     488.4      28.1      92.0
  2017     7    12     127.5     321.1      29.0     104.8
  2017     7    13     120.8     331.2      29.5      94.5
  2017     7    14     163.1     538.4      26.8      90.4
  2017     7    15     184.8     658.7      29.4      90.0
  2017     7    16     195.8     622.4      32.0      90.0
  2017     7    17     193.2     597.6      28.7      90.0
  2017     7    18     199.2     610.7      27.3      90.0
  2017     7    19     135.9     460.9      27.2      90.0
  2017     7    20     153.9     536.1      31.2      98.6
  2017     7    21     211.4     716.7      34.9      97.1
  2017     7    22     141.6     441.0      33.6      94.6
  2017     7    23      75.2     190.9      33.5     102.1
  2017     7    24      50.4     125.8      32.4     108.5  
  2017     7    25      70.4     205.6      29.8     107.3
  2017     7    26     114.8     345.7      32.1     104.2
  2017     7    27     171.3     612.5      34.2      90.0
  2017     7    28     182.4     602.3      30.7      90.0
  2017     7    29      99.3     330.2      32.0      90.0
  2017     7    30     118.4     335.3      30.1      90.0
  2017     7    31     131.2     305.1      24.7     109.0
  2018     7     1      94.8     426.9      24.7     129.7
  2018     7     2      43.6     123.5      24.4     134.6
  2018     7     3      19.9      32.3      20.9     139.4
  2018     7     4      54.5     128.7      24.2     139.3
  2018     7     5      78.0     274.8      27.2     137.4
  2018     7     6      68.5     285.9      29.3     136.3
  2018     7     7      65.2     305.9      31.0     138.8
  2018     7     8     113.6     521.1      32.3     117.5
  2018     7     9     138.4     663.5      32.8     108.4
  2018     7    10     138.3     519.8      33.6     109.2
  2018     7    11     138.5     414.5      33.5     109.4
  2018     7    12     115.0     313.9      31.3     117.2
  2018     7    13      91.8     295.8      30.5     114.4
  2018     7    14      92.4     359.5      33.6     112.4
  2018     7    15     110.2     458.9      35.0     109.7
  2018     7    16     122.6     515.7      32.9     108.8
  2018     7    17     131.7     529.1      33.1     104.5
  2018     7    18     140.4     538.0      34.0     104.7
  2018     7    19     140.7     524.5      34.6     107.0
  2018     7    20     163.9     563.3      35.4     109.5
  2018     7    21     141.0     440.1      35.9     109.2
  2018     7    22     102.8     263.2      35.4     109.3
  2018     7    23     101.5     287.7      32.9     119.9
  2018     7    24     107.7     341.0      29.9      90.0
  2018     7    25     136.0     422.0      28.6     110.3
  2018     7    26     132.5     351.8      34.3     116.8
  2018     7    27     162.9     406.6      40.8     109.3
  2018     7    28     107.5     248.2      37.5     101.2
  2018     7    29     107.5     257.6      42.6      98.2
  2018     7    30      96.5     222.5      41.8      98.9
  2018     7    31      70.7     193.7      40.8     102.3
