108.4375
111.25
116.2125
114.8125
116.95
118.6875
120.8375
115.075
114.6375
115
113.7375
111.725
116.1375
113.6375
112.8125
110.3375
113.1625
118.3625
114
112.0125
107.4
106.2
106.075
103.5875
99.2625
100.3625
100.15
101.3125
104.475
110.4875
110.1125
112.6375
109.55
111
107.0125
105.5875
106.4875
101.2625
96.2875
102.5625
103.6875
107.7
107.7125
104.8625
98.2875
95.6
100.825
100.5375
99.925
96.5875
102.3875
108.6875
105.375
102.8375
101.375
100.9375
105.375
107.175
107.35
104.1875
102.375
101.9
